2005
20191
46118
70876
35813
70380
21442
61227
27784
18486
311
79276
98621
82346
83106
96857
73911
3156
94119
57516
84371
79531
76867
61630
74750
41123
46423
86363
12842
68903
98307
11444
993319
40661
62076
15310
25317
5015
45054
54802
52038
77644
98368
13943
14026
72860
46810
79743
10311
61286
9912
47095
21977
3
13
50922
35804
67373
39749
91559
76106
86904
80172
37
87159
3651
47299
4357
88693
81609
16748
7296
85801
18769
45504
73618
54330
62033
57921
24616
29355
719
7590
82541
42148
30605
19336
49461
84082
76805
32763
96331
1193
64030
61035
22702
71091
53146
36931
18311
48435
16354
72758
39467
97476
13251
29056
92605
78791
7
53342
34076
37239
42860
72678
78628
73608
51774
26735
8188
4887
26981
73950
71687
31283
22490
27900
24636
31065
81370
65888
80815
57869
46677
44780
96640
99656
25972
50741
32253
99629
8861
71409
25482
44173
41534
58595
31682
91843
57256
57427
1526
89278
66032
57443
2631
75781
55961
14657
76359
76917
71723
5431
85408
55507
8426
33807
36198
95276
5884
97524
12732
28508
72479
28442
4537
3363
58748
79965
99253
1096
26579
35595
8029
20876
57550
79192
99933
18949
73938
96935
30256
1423
53065
16471
61710
59802
8247
82501
67511
14441
57088
13254
24351
61276
22073
41733
24640
62144
54887
94514
97875
26473
38356
71110
83871
49683
64845
64759
67484
38239
73958
85548
91052
31362
39457
81724
68327
55257
88451
7894
42200
64813
85660
7440
40589
97599
65183
11815
15968
62872
99294
71
37794
69503
96509
66055
19877
95246
74749
21396
5631
83854
97
85412
62974
52158
15521
11856
84023
24600
4961
3850
73768
64980
86167
34566
32664
21784
93977
74583
31869
9752
41239
89318
17980
40054
4161
26244
94532
88227
13608
30534
4277
688
68330
11816
7937
81937
43985
47915
8960
62526
34273
70080
78899
93664
3470
83093
98200
54324
46350
86265
17827
72943
46568
68036
65718
82812
97719
87165
67502
74248
27720
86383
45986
67937
32255
59062
32497
38067
63088
64470
21895
83325
40951
46659
29557
20156
90560
41015
83781
43885
12991
83606
54990
53581
3119
38558
91022
67088
18654
16543
90575
43564
95353
59903
56533
30950
74190
65156
43175
28452
13343
91209
8670
86251
73418
32390
14718
97724
49177
86613
88714
38171
93718
59712
86864
38549
18685
61812
61473
939193
53420
7077
99080
96244
71695
85161
20081
88529
19346
32026
65097
12900
11605
34356
20172
99186
70133
48019
16700
30637
65212
37793
561
86475
27614
46413
20464
42984
4947
4833
30051
19348
69944
75708
67374
55311
24817
54677
82662
45350
52346
6551
991
50738
83700
50818
5665
933199
26926
20252
25284
30690
87374
58474
20998
9377
456
85504
10208
72578
22873
42262
67297
48701
21446
45788
69661
15645
32911
30539
75491
12591
92205
9265
62611
79009
14916
2271
84629
66178
5131
99855
81246
872
30683
62888
10353
43563
82046
88492
91193
67697
69964
2597
81862
26397
33099
54954
45679
64707
68845
71846
19506
93475
6071
60896
33853
33257
37235
51694
83611
48015
55797
9311
42789
86073
7793
21136
31868
53657
57518
45082
1239
13728
84163
40585
14362
79676
99969
41109
93320
73479
94457
23484
36012
94572
37044
5768
84266
21962
19391
84322
23656
82858
54394
3779
87343
55971
82105
47553
83596
90638
61953
83460
59858
55068
77769
76557
91388
3600
9923
87202
75231
41429
94332
28430
58133
95474
70121
4441
2534
61369
80014
33388
27294
90143
69771
88248
57584
22862
95749
82136
65029
79016
38836
71823
31142
2185
3581
48272
93255
97297
67175
47173
35217
42038
99215
27958
9487
97636
5958
36141
55057
95433
21407
20086
92799
75855
36403
98776
16544
51941
56581
59297
62087
33341
23605
67626
85610
48242
19984
12112
58483
94154
87923
49994
84838
22398
84772
31478
54237
64501
47357
62593
44832
72663
15830
50421
44784
39119
40632
96197
80625
21960
56084
65462
60083
39410
39311
38404
26477
39117
99770
55468
81642
1043
57443
90938
60654
68480
75815
66828
41724
22733
53054
76997
20785
80444
63674
13213
16270
40661
919393
40983
37386
44340
73428
1664
15178
42622
84195
11663
39514
45270
80891
47677
23992
96512
28587
99274
76466
34402
7206
44266
62539
83508
82810
17558
73706
1876
66022
56142
89105
5483
69776
28685
999
99317
36061
17568
29741
63541
7475
71246
8740
38714
46208
71787
43090
83122
5138
14248
38068
1028
41702
88694
54664
197
22555
99037
4530
15631
42443
54538
24684
61252
15426
81943
26672
27933
31975
21738
42296
81250
81693
68538
71354
99577
72016
55013
89142
93541
56943
96953
30928
54033
92712
97782
31795
50400
20428
27317
42716
52107
63746
81620
60175
35977
81284
49135
79205
96975
69655
70802
7854
10017
99080
76997
77028
24586
68850
90376
99893
33005
37731
98187
56359
13625
47986
22158
99306
13911
91877
48858
63958
60561
85629
73890
51780
69423
66401
17766
58347
59722
319993
70139
69326
77094
27384
36758
288
58181
93054
54683
20134
44538
96731
36545
47205
62965
43895
12757
31353
80355
5953
22885
62263
64338
75937
23098
88413
41331
28303
46059
67341
81287
21731
77071
38414
62871
61815
47784
63076
93719
5238
84131
18519
44664
70870
71670
83361
79
53816
85626
73886
37225
63216
25656
22048
49226
34051
20924
37468
91917
66804
75589
15353
67241
73712
63300
7492
57527
1438
80485
33971
79227
25552
70864
81968
77711
75426
86390
75653
2127
10641
32729
26294
33301
56935
24317
67246
53051
74013
10214
12630
40086
93135
13065
69009
59012
45028
98735
32664
6743
19297
80604
43603
81813
98138
19451
96201
35667
65490
92932
79648
6660
57004
25399
67482
23979
449
56770
17995
72790
82140
19463
45285
23014
84558
94806
1826
61876
32011
25533
45973
39023
61223
32314
98987
76800
586
971
65983
76022
36458
50493
32741
98390
2476
96434
61380
99688
6126
2531
96220
52047
21207
37248
78046
193939
19978
42245
46316
98672
72795
52374
22326
69217
35789
50770
5028
99371
56200
43477
49383
72129
34718
85954
40305
21871
37019
35703
50529
38796
13420
29269
86512
32175
59750
722
17019
22056
79083
21675
79263
41431
192
31065
38178
75938
33686
39400
90326
43701
79623
60570
36029
71993
45640
40861
919
85072
21782
72473
11232
199933
99925
22941
41615
56590
67236
30502
14059
27845
40082
57127
56801
18806
77823
40308
13594
11706
74216
70849
87223
49613
32835
6438
84529
39847
47047
48727
15610
99862
12855
57898
97743
76461
27481
40637
6963
72101
87274
29260
31642
21879
20974
34551
96059
64421
64269
20246
59206
71517
17
69158
48525
4689
88077
27775
43526
33031
66038
3677
65185
2246
73080
69777
53710
28404
47750
34770
55559
64335
37936
97456
56836
50348
28381
96275
43133
63502
78556
34162
15195
29187
90644
68341
29708
38129
23163
43773
19956
10504
37289
37497
12261
73298
70
45045
59375
1445
81442
71681
13919
6701
94969
19335
48953
74936
113
42960
52026
72939
28868
61125
90081
21601
62253
61903
92282
28026
63073
90553
83046
43550
43958
72741
25765
15451
30351
96998
89886
84461
74516
82319
28312
20572
47126
79689
9049
56962
13785
94555
75879
18679
44269
46389
5367
84298
34963
91801
43019
25909
73448
60874
57200
37216
55888
65542
36473
35795
36346
58300
26148
75180
86981
23365
39287
11419
63259
68529
68803
69800
49416
77752
11514
1418
18374
43202
17946
2108
99572
14355
40588
70035
82512
59528
87880
73925
71205
16425
1931
48007
43388
46407
891
42705
78168
17555
23341
55821
25834
86075
44928
32811
14416
98023
57369
9469
81637
79768
91297
40657
7055
86395
5743
53963
42113
27645
72313
75728
44298
12392
25766
93756
81027
4518
73
9293
40601
26190
78966
32492
13646
67748
5446
57186
96687
20480
8569
75996
80368
18717
17601
76191
72654
91863
391939
25713
21829
92561
94483
45483
91320
47045
393919
24857
8613
86444
82323
8734
15762
31378
77110
1830
99265
92749
67072
20682
45049
82559
13569
53470
71052
54551
11123
15687
77873
37887
38585
29484
52300
70719
39622
20579
28619
4175
63671
48741
78627
99929
76649
10161
64817
64690
95816
61306
64706
77693
21112
21923
59294
28524
52882
33610
3032
68812
29362
62493
75467
72172
46040
55354
22031
65483
60459
4308
60547
11590
3885
31909
74660
94675
9993310
33004
1675
63639
92097
41565
11939
9819
70439
40640
74404
31285
48358
75590
65296
56153
65266
96813
55109
65793
44724
74716
33255
94406
8988
36329
74603
14082
75662
15146
26747
30165
68788
90141
99869
12703
373
73989
55915
50670
22974
73789
50592
38261
54409
33153
61833
56890
13103
98891
32501
62812
30092
95985
9323
37199
22773
33332
9336
75982
43245
65794
96271
7924
43853
39345
97058
48718
7994
77264
63560
14198
21068
27818
199
84574
39119
33816
18631
44640
7709
10317
9351
892
4967
8196
66722
24470
45628
80920
48798
64214
30331
46673
79707
42650
94344
55418
30171
15346
81315
61328
20149
34700
50118
38905
18645
43490
87528
24510
12096
16283
2517
78876
98229
31956
36698
85603
43369
6675
93611
63776
97314
25590
93477
98633
56940
26160
59077
81884
95503
53523
73435
25597
69361
5198
26910
12531
20884
32329
43850
51269
77906
522
94151
44108
29009
31135
40663
64610
54082
69729
89204
28767
1857
62099
99291
94023
44917
15251
733
68173
31336
63745
78086
63668
65861
68711
75720
92966
23907
98444
86597
30621
33663
3498
37142
71533
74248
37006
47599
32648
72448
95203
70152
89
93402
60272
84092
36632
99595
87404
24949
32638
14302
28184
31
80053
90286
66371
8274
17822
26998
50327
86043
92496
94420
2899
37072
69403
76174
24334
44864
39020
77994
64564
82251
92096
96682
5
37615
56105
6858
75190
16572
85659
75450
73908
42082
38690
30879
25486
89760
31115
28583
67893
27947
10488
16599
1069
36904
8009
47632
15697
78505
52282
17474
42890
5804
7229
31903
98860
19176
77234
81267
44836
22508
82013
54798
89979
83566
27570
18722
96295
65013
22577
17478
4942
662
90744
24189
85442
51419
56454
34459
66064
91948
35984
44699
18625
92457
6319
43137
64552
90747
30766
77
70114
3339
89359
89160
61353
8794
92070
41793
79038
11014
62991
25972
45698
33366
64434
45639
41691
30141
76938
40478
28117
20444
43196
50501
368
81405
45760
14674
10778
58233
30670
9707
85404
32248
87983
93756
58977
77834
4661
4170
41334
37124
5198
88437
33850
10548
49884
45893
81316
27411
69289
63932
88290
30377
71174
82262
16775
1352
67554
13079
67963
89511
35876
15437
92860
12828
90285
98429
22313
19658
97746
41333
83950
82721
46540
20738
61021
90568
75221
4195
65035
17263
14694
41335
30948
59569
45051
65357
19255
27607
96766
93911
34992
1676
81543
85563
2072
54389
54669
66263
80117
43520
38917
65201
29299
459
31402
22630
37988
41472
10408
70987
34319
55045
63886
33215
76961
2880
50063
59101
62879
69049
97742
6688
44519
42157
89590
57940
2
97441
95160
97304
8308
77993
40383
42239
13244
20899
86188
88331
70908
42804
41339
11373
27679
49996
52196
75214
39397
40961
67906
35672
61575
15093
41911
70330
31958
29517
53263
46927
68858
34869
93228
67607
13146
14531
88712
78237
83051
3503
34714
77664
83714
58527
43595
97812
49430
65232
77481
94665
35483
3000
33896
20788
9052
61040
90847
19745
7493
1044
68773
11
84021
69589
41529
48939
15793
34754
31561
2039
73593
30331
84171
14331
86034
94196
32889
56606
9573
2340
53215
40204
44916
96683
92497
38094
69391
52852
42823
55233
3529
75285
25462
25054
48185
56886
80387
46988
9695
63509
99502
19283
77505
99779
16338
48358
35705
49329
65516
53927
76395
2026
68594
59727
2310
337
99683
68934
45627
36826
49489
92727
14606
50435
98074
17127
78321
81281
31173
84281
12538
37927
70622
19937
24551
62902
74760
19859
54124
31101
77056
96909
3192
10932
36520
54414
72291
3038
24293
31168
24085
45769
59670
95730
7049
41192
92778
59304
43179
18899
93943
2041
7724
38586
51598
53374
45130
46456
63937
32034
66484
7710
19990
75966
29659
21050
42549
86680
73704
131
88862
11847
53090
61047
61733
51254
61311
3448
45959
80344
95197
65345
13373
72514
87342
331999
24414
87795
939391
48984
37520
73955
33780
18107
30159
54713
70742
97757
66501
98874
365
95147
12658
84844
8886
55176
52018
39868
82796
31832
67355
17786
77388
92129
40928
75406
60080
77691
49762
90749
76362
85458
72084
371
68640
32240
68536
99704
9556
15096
73357
46184
73231
97306
7335
13785
25500
28694
50302
66980
5079
708
91213
71815
72238
16498
35579
77299
64319
28610
39183
74193
12844
77732
66894
11098
46768
15165
72698
5573
7508
28440
33821
12608
62712
35475
55962
81545
80124
25204
24548
19356