300
91145257 990802529
7 17
18 17
106132671 106132693
13 420212297
8 9
19 9
11 5
19 18
11 14
22 68510837
49 68874770
14 15
26 382268215
15 7
7 3
363009116 88385705
15 16
7 12
708997941 527720299
987743561 41888467
16 212902739
19 4
11 9
759190434 821535365
3 1
14 1
405710867 504175530
3 10
3 19
14 19
530696617 376787363
15 2
15 11
58800377 264817239
18 7
7 16
723309983 660399701
23 182713949
638473177 638473214
11 4
316858289 316858274
740973105 3662242
10 17
549882289 223529054
2 13
190210883 151954473
10465617 10465492
3 5
14 5
584202488 831619473
3 14
654070569 704147417
999999937 1000000000
913497231 399492046
7 2
7 11
18 11
673468152 633824635
364338298 700201077
418525118 188241343
10 3
2 17
761241151 89004645
48 163789019
836169142 836169143
33740635 241167939
14 9
493104537 974764741
402922153 484904928
95914030 95913917
568792116 214947559
6 19
303288389 806707581
10 7
2 3
986402818 375353131
3 4
878711449 975709923
17 6
17 15
9 11
472488057 233770289
297805192 113571101
6 5
404750173 404750122
259191594 929620043
947096230 947096329
740362036 740362029
10 11
2 7
796888543 516259935
683129636 683129575
17 1
5 8
17 10
120210583 120210719
5 17
17 19
2260627 289900519
335331773 803866295
639409891 806728750
2 11
13 8
42 450359485
678776141 323671112
1 15
13 17
16 13
79 80396744
5 3
17 5
9 1
5 12
17 14
9 10
9 19
969112368 458831449
6 13
521576432 521576411
385747981 896451635
901414722 901414801
576761873 780019280
17 114726745
13 3
1 10
13 12
1 19
16 17
359178334 359178267
5 7
17 9
9 5
5 16
794735329 111114434
9 14
851153049 652632316
465127661 465127567
1 1000000000
4 11
950441835 950441869
1 5
13 7
16 3
1 14
13 16
833182543 674999318
696339358 696339183
5 2
17 4
5 11
341602111 520849150
873884369 578650254
8 13
19 13
11 18
76 319293363
12 1
12 19
447047935 447047963
4 15
749027945 994795164
752606597 752606622
139314901 403956165
13 2
1 9
13 11
376650377 688320520
16 7
1 18
888263751 324942739
5 6
19 8
8 17
19 17
11 13
508585799 508585854
12 5
4 1
20257117 866394749
72 235461859
4 19
98 463106001
1 4
1 13
8 3
19 3
19 12
23 472872852
11 8
80 829873451
11 17
39 502019447
841503793 841503748
57 534925388
636794998 957508603
4 5
527502598 280346981
74 565865919
895923322 601938635
80 214631321
15 1
7 6
882336035 882335984
15 19
7 15
87 635799802
8 7
19 7
772701084 725061781
11 3
23 767778895
19 16
11 12
210398685 210398641
45 193059287
4 9
3 13
14 13
385015861 959328977
316519279 931852985
987991885 632072372
7 1
18 1
15 14
764838467 603109612
7 10
879604067 879604077
7 19
18 19
18264081 9853936
19 2
56 960790067
8 11
19 11
11 7
4 160092927
11 16
447320769 300869255
824226972 588720581
630058506 125303477
770245448 719574355
3 8
9 188004065
166608769 166608755
3 17
14 17
245961906 869410499
85 251995606
122407669 408974544
873201086 873201059
202220222 202220079
7 5
18 5
64 203090475
999999999 1
19 6
11 2
550052498 530082865
821623442 821623493
14 3
269711382 151858639
15 4
638546414 697636271
15 13
7 9
229740476 229740521
48 761018555
757529337 91994234
474508481 709043847
938076362 938076355
10 1
583257484 583257623
10 19
33646510 323788547
1000000000 999999937
2 15
3 7
3 16
17 18
7 4
5 812565772
967736727 967736681
855661547 855661377
195644735 195644703
3 10143727
6 17
938435010 347997407
46 481582909
475107319 824598486
42316737 42316697
773026019 971834644
2 1
87 70726355
948637147 222629274
2 19
3 2
3 11
14 11
449616424 541653009
